ascii_elevationfile.txt
ncols         601
nrows         599
xllcorner     346996.82638502
yllcorner     6585985.3753683
cellsize      17.126678591672
NODATA_value  -9999
[rows 369 to 409 of 599, columns 186 to 278 of 601]
531 539 549 555 562 569 578 585 590 594 598 602 606 609 613 617 623 627 632 637 641 645 649 653 659 665 671 677 684 690 696 701 707 713 718 724 729 735 742 740 733 725 719 711 701 692 682 672 663 653 644 634 622 608 594 581 573 569 565 561 562 565 565 566 565 566 567 567 566 567 569 575 579 580 580 581 584 585 587 589 592 596 598 601 603 611 618 625 632 638 645 651 658
532 540 550 558 564 571 580 585 592 597 601 605 608 610 613 617 622 627 632 637 642 646 650 654 659 666 671 678 684 690 696 702 707 713 719 726 733 739 744 742 736 727 720 710 701 692 683 673 664 654 644 634 621 608 595 582 571 567 565 561 564 565 565 566 566 567 567 567 567 567 571 577 578 579 579 580 583 584 586 588 591 594 596 598 601 609 616 621 627 632 639 645 652
539 547 555 562 567 574 581 587 594 599 604 608 610 612 613 617 622 627 632 638 642 646 650 654 659 666 672 678 685 690 696 702 708 713 721 728 735 741 746 743 735 727 719 710 701 692 682 673 663 652 643 633 621 607 595 581 570 567 564 562 565 565 565 566 567 567 567 567 567 569 574 577 577 578 579 580 582 584 585 587 589 591 593 595 599 605 612 616 621 627 633 640 646
545 553 559 565 570 577 583 589 596 601 606 610 612 614 616 617 622 627 633 639 643 647 650 654 660 666 673 679 686 691 696 702 708 714 721 729 736 743 746 743 735 726 718 709 700 691 681 671 661 651 642 632 619 606 593 579 570 567 563 565 565 566 566 567 567 567 567 567 567 570 574 576 577 578 578 580 582 583 584 584 586 588 591 592 596 601 605 610 615 621 627 633 639
550 559 564 568 573 579 585 591 597 603 609 612 615 618 622 622 622 627 635 640 644 647 651 655 660 666 674 680 687 692 697 702 708 714 721 729 736 743 746 742 734 726 718 708 699 690 680 670 660 650 641 631 618 604 591 577 571 566 564 565 565 566 566 567 567 567 567 567 568 571 574 575 577 577 578 579 581 581 582 582 584 586 588 590 593 596 600 604 609 614 620 626 632
555 562 566 571 575 581 587 593 599 605 611 615 620 624 627 627 628 629 633 640 643 647 652 655 661 668 674 681 688 693 698 703 708 715 722 729 737 744 746 742 733 726 717 707 697 689 679 669 659 649 639 630 616 603 589 577 571 567 566 566 566 566 566 567 567 567 567 567 569 572 573 574 575 577 578 578 578 578 579 580 582 584 586 588 591 594 597 601 605 609 613 618 624
559 565 569 573 578 582 589 595 601 607 613 617 622 627 630 632 633 633 634 640 643 647 652 655 661 669 675 681 688 695 700 705 709 715 723 730 738 745 747 743 734 726 717 706 696 686 677 668 658 648 638 627 613 600 587 577 572 568 567 567 566 566 567 567 567 567 567 567 570 572 572 574 574 576 577 578 577 577 578 578 580 582 584 586 588 592 595 599 602 606 609 613 617
560 566 571 575 580 584 591 597 602 608 614 619 623 628 633 636 637 639 639 641 645 649 653 656 662 669 676 682 689 696 702 707 712 718 725 732 740 746 748 744 734 726 717 705 695 684 674 666 656 647 637 623 609 598 586 577 572 570 569 568 567 567 568 568 567 566 566 568 572 571 572 573 574 576 577 577 577 577 577 577 579 580 582 584 586 590 593 597 600 604 607 611 614
561 567 573 577 582 587 593 599 604 610 616 620 625 630 634 637 640 643 643 646 648 650 653 657 663 669 675 682 690 696 703 709 714 720 727 734 740 746 750 746 735 725 716 705 695 684 673 665 655 645 637 624 610 601 590 580 574 571 570 568 568 569 568 568 567 566 568 570 572 571 571 573 574 576 577 577 577 577 577 577 579 580 581 582 585 588 591 594 598 601 605 608 610
563 569 575 579 585 591 595 601 607 613 618 623 627 632 637 640 642 645 647 650 651 653 655 659 662 668 676 683 691 697 703 710 715 722 728 735 741 746 752 748 737 725 715 705 695 685 674 665 655 645 635 624 613 603 593 583 577 573 572 569 569 570 568 568 567 567 570 572 572 572 572 574 575 576 577 577 577 577 577 577 579 580 581 582 584 587 590 593 596 598 601 604 606
566 572 577 582 588 593 599 604 609 615 620 625 629 635 639 642 644 646 649 652 653 656 658 660 662 668 676 684 692 698 704 710 715 722 728 734 741 747 752 749 737 726 716 705 695 685 675 664 655 645 635 624 615 606 596 586 580 577 574 571 570 569 567 567 567 569 573 573 573 573 574 575 576 576 576 577 577 577 577 578 579 579 581 582 584 587 589 592 594 596 598 601 603
568 575 580 585 591 596 601 607 612 618 622 627 632 637 641 644 646 649 652 654 656 658 662 664 666 668 672 681 689 696 701 708 716 724 729 735 741 747 752 749 738 728 718 706 696 686 674 665 655 646 636 626 617 608 599 589 582 579 576 573 571 568 567 567 570 574 574 574 574 574 575 575 576 576 576 577 577 577 577 578 578 580 581 582 584 587 589 591 593 594 596 597 599
570 577 582 588 594 599 604 610 614 620 625 630 634 640 644 646 648 651 654 657 658 662 665 667 669 671 674 678 685 693 699 708 717 725 731 737 743 748 752 749 739 729 719 707 697 685 674 664 657 647 638 628 618 609 601 592 585 582 578 576 573 569 568 571 574 576 575 575 574 575 575 575 576 576 576 576 576 576 577 578 578 580 580 582 584 586 587 589 591 593 594 596 598
573 580 585 591 597 603 608 613 617 622 628 632 637 642 646 649 651 653 656 659 662 665 668 671 673 675 679 680 685 691 699 709 719 726 732 738 744 750 753 749 740 730 720 708 697 685 673 664 656 647 639 629 620 611 602 593 588 584 580 578 576 571 571 575 575 575 575 575 575 575 575 575 575 575 575 575 576 576 577 578 578 580 580 582 583 585 586 587 590 591 593 595 598
581 584 589 594 601 607 611 617 621 625 630 634 639 644 649 651 655 657 659 663 666 669 671 675 678 682 686 690 691 691 701 710 720 727 734 739 746 752 754 749 740 731 720 707 696 684 672 664 656 648 639 630 622 613 604 596 591 587 584 581 577 575 575 575 574 574 574 574 574 575 575 575 575 575 575 575 576 576 577 578 578 580 580 582 583 585 585 586 589 590 593 595 598
585 588 592 597 605 610 615 620 623 626 630 636 640 645 652 655 659 661 664 668 670 673 676 679 684 688 692 697 699 699 702 710 720 728 734 740 748 753 755 750 741 733 721 709 697 685 672 664 656 647 639 632 623 615 606 600 597 588 584 581 577 576 576 575 575 574 574 574 574 575 575 575 575 575 575 575 576 576 577 578 578 580 580 582 583 585 585 587 588 590 592 594 597
588 591 594 599 607 613 617 620 623 627 631 636 641 649 656 659 663 666 669 673 675 678 681 684 689 693 697 702 705 705 705 712 721 729 736 743 749 755 756 753 744 736 725 713 699 687 673 664 656 647 640 632 624 617 612 607 602 593 586 582 578 577 576 576 575 574 574 574 574 574 574 574 575 575 575 575 576 576 577 578 578 580 580 582 583 584 585 587 588 590 592 594 596
591 594 596 601 605 611 617 620 623 628 632 636 643 653 660 664 667 671 674 677 680 683 686 689 693 698 702 706 709 709 712 717 725 732 741 749 752 755 758 756 748 740 729 716 703 689 676 665 656 648 640 634 628 621 616 613 606 598 590 584 580 578 577 576 575 574 574 574 574 574 574 574 575 575 575 575 576 576 577 578 578 580 580 582 583 584 585 586 588 590 592 594 596
593 597 601 605 609 614 618 621 625 629 633 638 648 658 664 667 671 675 679 682 684 688 691 694 698 703 707 711 713 715 720 724 730 739 746 750 752 755 758 758 751 744 733 719 706 691 679 667 658 650 643 637 632 626 619 615 609 601 594 588 581 579 578 576 575 574 574 574 574 575 575 575 575 575 575 575 576 576 577 578 579 580 580 582 583 584 585 586 587 590 591 594 595
596 601 605 610 614 618 621 624 628 632 635 642 653 661 668 671 675 679 683 686 689 693 695 699 703 707 711 715 719 723 727 731 737 744 747 750 752 755 758 760 754 746 736 721 708 693 683 671 662 654 648 641 635 629 622 617 611 604 597 589 582 580 577 576 575 574 574 574 575 575 575 575 575 575 575 575 576 576 577 578 579 580 580 581 581 583 584 586 587 589 590 593 594
598 604 609 614 618 622 626 630 633 637 640 649 656 664 672 676 679 683 687 690 693 697 700 703 707 711 715 718 724 728 732 737 742 746 747 750 752 755 758 760 754 745 735 723 709 696 688 679 668 661 654 646 640 633 626 620 614 606 598 590 583 581 578 577 575 574 574 575 575 575 575 575 575 575 575 575 576 576 577 577 578 578 579 579 581 582 584 585 587 588 590 592 594
598 604 610 616 622 627 631 635 639 642 647 654 659 668 675 679 684 687 691 694 698 701 704 707 711 715 719 722 726 731 736 740 744 745 748 750 753 755 758 761 752 743 733 723 712 701 693 685 677 668 660 653 645 639 632 624 617 608 599 591 584 581 580 578 575 574 574 575 575 576 576 576 575 575 575 575 576 576 576 576 577 577 578 578 580 582 583 584 586 587 589 591 593
599 605 611 617 623 628 634 639 643 648 653 658 664 671 678 682 688 691 695 699 701 705 708 711 716 718 722 725 729 734 738 741 744 746 748 750 753 755 758 761 755 746 736 727 717 706 698 691 684 675 667 660 652 646 638 629 620 610 600 592 585 582 580 578 575 573 573 574 575 575 576 576 575 575 575 575 576 576 576 576 576 577 577 578 580 581 582 584 585 587 589 591 592
601 607 612 618 624 630 635 641 646 652 657 663 669 675 681 686 691 695 699 703 706 709 712 715 719 721 725 728 732 736 739 742 744 747 749 750 753 755 758 761 758 750 742 732 722 712 703 696 688 681 673 666 659 650 642 634 624 615 605 595 586 582 580 578 575 573 573 574 574 573 574 574 574 574 575 575 575 575 575 575 576 576 577 578 580 580 582 583 585 586 589 590 591
602 608 614 620 626 632 636 642 648 653 660 666 673 679 684 689 693 698 702 706 709 712 715 717 721 724 728 731 734 737 739 742 745 747 749 751 753 755 758 761 756 752 745 736 727 718 709 701 694 685 677 669 663 655 647 638 629 619 608 596 587 584 580 578 575 573 573 573 572 572 572 572 573 573 575 574 574 574 574 574 575 576 577 578 580 580 582 583 584 586 588 589 591
602 608 615 621 628 632 638 644 650 655 662 668 674 679 684 690 695 699 703 708 711 714 717 720 723 727 730 733 734 737 739 742 744 746 748 750 753 755 757 758 755 750 743 735 727 717 710 702 695 686 678 670 661 656 650 641 633 621 608 596 590 586 581 579 575 573 572 571 571 570 570 570 571 573 574 574 573 573 573 574 575 576 577 578 579 580 581 583 584 586 587 589 590
603 609 615 621 627 633 639 646 651 657 664 669 674 679 684 690 695 700 704 708 713 716 719 723 726 730 730 732 733 736 739 741 742 744 747 749 750 752 754 756 753 749 742 733 725 718 711 702 694 686 678 669 658 652 648 641 633 620 607 597 593 588 583 579 576 574 573 572 572 571 571 570 570 572 573 573 573 573 573 574 575 576 577 578 579 580 581 582 584 585 586 588 589
603 609 615 621 627 634 640 647 653 658 664 669 674 678 684 690 696 701 705 709 714 718 722 726 728 729 730 731 734 736 738 739 740 742 745 746 748 749 751 753 751 748 741 732 725 719 712 702 694 686 679 670 658 649 644 633 625 612 605 600 597 591 585 581 577 575 575 574 574 573 571 570 569 571 573 573 573 574 574 575 576 577 578 578 579 580 581 582 583 584 586 587 589
603 609 615 620 626 633 639 646 653 658 663 668 673 678 684 690 696 701 706 711 715 719 723 726 728 729 730 731 733 735 736 737 738 740 742 744 745 747 749 750 749 746 739 732 726 719 712 701 694 686 680 670 658 649 642 632 624 613 608 605 601 595 588 583 578 576 576 575 574 573 572 571 570 569 573 574 574 575 575 576 577 577 577 577 579 580 581 582 582 584 585 587 588
603 608 614 620 626 633 639 645 652 657 662 667 673 677 682 688 694 700 705 710 715 719 723 726 726 728 729 731 731 733 734 735 736 738 739 741 742 744 746 747 749 744 738 732 726 720 713 702 694 686 681 671 662 655 646 638 630 621 614 609 605 599 592 586 580 578 577 576 575 574 572 572 571 570 570 572 573 574 575 576 577 577 577 578 579 579 581 581 582 583 584 586 586
604 608 614 619 625 632 638 644 651 656 661 666 672 676 680 686 692 697 703 708 713 717 721 724 725 726 727 728 730 730 732 733 734 735 736 738 740 741 742 744 746 742 737 731 725 721 714 703 695 688 683 674 668 662 655 649 639 629 620 614 609 603 596 590 583 580 579 577 575 574 573 573 572 571 569 570 572 573 575 575 576 577 577 578 578 579 580 580 581 582 584 584 586
604 609 614 619 624 631 638 643 650 655 660 665 669 674 678 684 689 695 700 706 711 715 720 722 723 725 725 726 728 729 730 730 731 733 734 735 737 738 739 740 742 740 736 731 726 721 714 704 698 693 686 679 672 665 659 653 644 636 627 620 613 607 600 593 586 583 581 579 576 575 574 573 572 571 570 569 570 572 573 574 575 576 576 577 578 578 579 580 580 582 583 583 585
604 609 614 618 624 630 637 643 649 654 659 663 667 672 676 682 687 693 698 703 709 713 718 721 722 723 724 724 726 727 727 728 728 730 731 732 734 735 736 737 737 739 736 732 727 722 714 707 701 695 689 682 676 669 663 656 648 641 633 624 617 610 603 596 589 587 584 582 579 576 575 574 573 572 570 569 568 570 571 572 573 574 575 576 577 578 578 579 580 581 582 583 584
603 608 613 618 623 630 636 642 647 652 656 661 665 670 674 679 685 690 695 700 705 710 715 718 719 720 721 723 723 724 724 725 726 727 728 729 731 732 733 733 734 736 734 730 726 721 716 710 704 698 693 685 680 673 667 660 652 644 636 628 620 613 606 599 592 589 587 583 580 577 577 575 575 573 572 570 569 568 569 571 572 573 574 575 577 577 578 578 580 580 582 583 584
604 608 612 617 622 628 634 640 645 649 654 658 663 667 671 676 681 686 691 695 700 704 709 711 713 715 716 719 721 721 722 722 723 724 725 726 728 729 729 730 731 732 732 728 724 721 718 712 707 701 696 689 683 677 670 664 656 648 640 631 624 617 610 603 596 591 587 584 581 579 578 577 576 574 573 571 570 568 568 569 571 572 574 575 576 577 577 579 580 581 581 583 583
604 608 611 616 621 626 631 637 642 647 651 656 659 664 667 672 676 682 686 690 694 698 704 707 708 710 713 716 718 718 719 719 720 721 722 724 725 726 726 727 728 729 729 726 723 720 717 714 710 703 698 692 686 680 674 668 659 652 644 635 628 621 614 607 600 595 591 587 583 580 579 578 576 575 574 572 572 570 569 568 569 572 573 575 575 577 577 579 580 581 581 582 583
603 607 612 616 619 624 628 634 639 644 648 652 655 659 663 668 673 677 682 685 689 693 698 701 703 706 710 713 714 715 716 716 717 718 719 722 724 724 724 724 724 725 724 725 723 719 716 714 711 707 700 694 688 683 677 671 663 655 647 639 632 625 618 612 605 600 596 591 587 582 580 579 577 577 575 574 573 572 571 569 569 570 572 574 575 576 577 579 580 581 581 582 583
602 607 611 615 619 623 628 632 637 641 644 648 652 655 660 664 668 672 677 681 685 689 693 696 699 703 706 710 711 712 713 713 714 715 717 720 723 722 722 722 722 722 721 722 721 719 716 713 711 708 703 698 691 687 681 674 667 659 652 643 636 629 623 616 610 604 600 595 591 586 585 582 580 579 576 575 574 573 572 570 568 569 571 572 574 575 577 579 579 581 581 582 583
602 606 611 614 618 623 627 631 634 638 641 644 649 652 657 661 664 669 674 677 681 685 689 692 697 700 704 707 708 709 710 710 712 714 716 719 722 722 721 720 720 720 719 718 718 717 716 713 711 708 706 701 695 690 685 679 670 663 656 649 642 635 628 621 614 609 604 600 594 591 589 587 583 581 578 577 576 574 574 571 569 569 570 571 572 574 576 578 578 580 581 582 582
601 605 610 614 618 622 625 629 632 636 639 642 646 649 653 657 662 666 671 674 679 682 687 689 694 697 701 704 705 707 707 708 709 712 714 717 720 720 719 718 718 718 717 716 716 716 717 715 713 710 709 704 699 693 688 683 676 669 662 654 647 641 633 626 620 614 609 604 598 595 592 590 586 582 581 579 578 576 575 573 570 569 569 570 572 573 575 576 577 578 580 581 582
600 604 608 613 616 620 623 626 630 633 637 640 643 646 651 655 659 664 668 672 676 679 684 687 691 694 698 700 703 704 705 706 707 710 712 715 717 717 717 716 716 715 715 714 715 717 718 717 715 713 713 708 703 697 693 688 682 674 667 660 653 646 639 632 626 620 614 609 603 599 596 592 589 585 583 581 580 578 576 573 572 570 569 569 570 572 573 575 576 577 578 579 580
