ascii_elevationfile.txt
ncols         601
nrows         599
xllcorner     346996.82638502
yllcorner     6585985.3753683
cellsize      17.126678591672
NODATA_value  -9999
[rows 123 to 163 of 599, columns 93 to 185 of 601]
754 759 768 776 786 795 804 811 815 820 824 827 831 833 836 838 839 837 837 838 840 843 850 855 861 868 873 875 877 881 882 885 886 889 891 892 891 891 889 889 889 894 899 904 909 912 915 918 920 922 919 917 914 908 904 898 894 889 884 878 872 865 860 852 845 837 829 822 814 806 797 788 781 775 769 762 756 750 745 741 737 733 729 724 719 719 714 711 707 703 700 695 690
753 758 765 774 783 792 801 808 812 816 821 826 830 832 835 838 839 838 836 835 837 841 847 853 859 865 869 872 874 877 879 881 883 885 887 888 887 886 886 885 888 892 898 903 908 911 914 917 920 920 918 917 914 909 905 900 895 889 886 880 876 870 865 857 849 842 834 826 818 810 802 793 785 779 772 765 758 753 748 744 739 734 730 724 720 720 715 712 707 704 701 697 693
751 756 763 772 780 789 797 805 810 813 819 827 830 833 836 838 839 839 836 834 833 837 843 850 855 859 862 866 869 872 876 878 880 882 884 884 883 882 883 883 887 891 897 901 906 909 912 914 918 918 915 913 911 909 907 901 895 890 888 883 878 873 868 862 854 846 838 830 822 814 806 797 789 782 775 767 761 755 751 747 741 737 731 726 720 720 716 712 708 704 701 696 693
748 755 763 770 778 786 795 802 807 813 820 828 831 834 835 838 839 839 837 835 832 834 840 845 848 851 854 859 863 866 871 873 876 878 881 881 879 878 880 881 886 891 895 900 904 907 910 912 915 915 912 910 909 908 906 901 896 893 890 885 880 876 871 866 858 850 843 835 826 818 809 802 793 786 778 771 763 758 753 748 743 738 733 728 722 722 717 712 708 704 700 696 692
749 757 765 772 779 786 794 801 807 814 821 829 832 834 835 838 839 838 837 835 833 832 836 839 841 844 847 850 855 858 862 866 870 874 877 877 874 876 879 881 885 890 894 898 902 904 907 910 912 912 910 908 908 906 904 898 896 894 892 887 883 880 876 870 862 855 846 839 830 823 813 806 797 790 782 775 768 762 755 750 745 740 734 730 724 724 719 714 709 704 700 696 691
751 759 767 774 781 788 795 802 808 815 823 830 832 834 835 837 839 838 836 835 832 831 829 831 834 836 839 842 846 849 854 859 863 866 871 870 870 873 877 880 884 888 892 897 900 902 904 907 909 909 908 907 906 905 901 893 893 895 895 891 888 883 880 874 867 858 849 842 834 826 818 809 802 794 786 779 772 765 759 753 747 742 736 732 727 727 722 717 712 706 701 695 692
751 760 769 776 782 790 797 804 810 817 824 832 833 834 835 838 839 837 836 835 833 831 825 822 825 829 831 834 837 840 846 852 855 860 865 864 867 871 876 878 882 887 890 894 897 899 902 903 905 905 905 906 905 903 896 888 890 892 894 893 890 887 884 878 870 861 853 845 837 829 821 812 805 798 790 782 775 769 762 757 750 744 739 735 730 730 725 720 714 709 703 698 694
751 761 770 777 784 791 798 805 812 819 827 835 835 837 837 839 839 838 837 836 835 832 823 816 818 821 823 825 828 832 840 845 849 855 860 863 866 870 874 877 880 884 887 891 894 897 898 900 901 902 901 902 901 900 891 885 889 891 893 894 892 890 887 880 872 864 856 848 840 832 822 814 806 800 793 787 778 772 766 758 752 746 741 737 732 732 728 723 717 712 706 701 696
750 761 771 778 785 792 799 807 814 822 830 838 839 839 840 840 840 839 838 838 836 831 822 814 813 814 815 817 820 827 835 840 845 852 859 862 866 869 872 875 878 882 886 889 891 893 894 896 897 898 897 897 898 896 887 882 887 890 893 894 893 890 886 879 873 866 859 851 842 833 824 814 807 801 795 787 781 774 768 761 754 748 743 739 734 734 730 725 719 714 708 704 699
751 763 772 779 786 792 801 808 817 825 833 840 841 841 841 841 841 840 839 838 835 829 821 814 808 808 810 816 822 829 836 840 846 852 858 861 864 868 871 874 877 880 883 886 887 888 890 891 893 893 893 893 895 892 883 878 883 889 892 893 893 892 886 879 872 866 861 853 843 833 824 815 808 802 795 788 781 775 769 762 755 750 745 741 736 736 731 727 721 717 711 707 702
755 765 774 781 788 794 802 811 819 828 836 843 843 843 843 843 842 841 839 835 831 825 818 812 806 806 811 818 824 830 837 842 848 853 857 860 863 866 869 872 876 877 880 883 883 885 886 887 889 890 890 890 891 888 879 875 881 886 889 890 892 892 886 879 874 868 863 855 845 835 825 816 809 802 795 788 781 775 768 762 757 751 747 742 738 738 732 728 723 718 713 708 702
759 769 777 784 792 799 805 814 822 831 840 846 845 844 844 844 842 839 835 831 827 820 814 808 803 806 813 820 826 831 838 843 847 852 855 858 861 864 868 869 872 874 876 878 879 881 883 884 886 886 886 887 887 884 877 872 878 883 885 887 889 891 887 881 877 872 865 857 847 837 827 819 809 802 795 788 781 775 769 763 758 753 748 743 739 739 734 729 724 719 713 708 703
764 772 779 788 796 803 810 818 827 836 844 848 847 847 846 845 841 836 831 827 822 817 811 806 802 807 814 820 826 832 838 842 846 850 854 857 860 862 863 865 867 870 872 874 876 877 879 881 882 883 883 883 883 880 873 868 874 879 881 883 885 887 889 885 879 873 867 858 849 840 831 822 813 805 796 788 781 775 770 764 759 754 749 745 740 740 735 730 725 719 714 708 703
765 773 782 790 799 806 814 823 832 841 850 851 850 850 848 846 841 836 830 824 818 814 810 805 802 808 814 819 824 830 836 840 844 848 853 855 857 857 858 860 862 865 867 870 872 874 875 877 879 880 880 880 880 876 869 864 869 875 877 880 883 887 890 889 883 876 870 862 853 845 836 827 818 809 800 791 783 777 771 766 760 756 750 746 741 741 735 730 725 719 714 708 704
767 775 783 791 800 808 817 826 837 846 855 855 852 850 848 846 841 835 830 823 817 813 809 805 802 806 811 817 822 828 834 838 842 846 851 850 851 852 853 854 857 860 863 866 867 870 872 874 876 876 876 875 875 871 864 861 866 872 876 879 883 886 889 891 886 879 873 865 857 849 840 832 823 814 805 796 787 781 774 767 762 757 751 745 740 740 734 729 724 719 714 709 703
768 776 784 793 801 810 819 828 838 848 856 854 852 851 849 846 842 835 829 821 816 812 808 805 801 802 808 814 820 827 832 836 840 844 847 845 845 847 847 849 853 855 858 861 863 865 867 870 871 871 872 871 871 867 860 858 864 870 874 878 882 885 888 891 890 883 876 867 860 852 844 837 828 819 809 800 792 785 779 771 764 758 751 744 739 739 733 728 723 719 714 709 702
767 777 786 795 803 811 820 830 840 850 855 854 852 850 849 847 842 834 827 820 815 810 807 804 800 800 805 812 819 825 829 834 837 841 844 842 841 841 841 844 847 850 853 856 859 860 863 866 867 867 867 867 867 863 856 856 862 868 872 875 880 884 887 890 892 886 879 870 863 855 848 842 833 823 813 805 797 790 782 774 766 758 751 744 738 738 732 727 723 719 714 709 703
766 776 785 795 804 813 822 832 842 851 855 854 852 851 850 848 841 833 825 818 813 809 805 801 798 797 802 809 814 820 825 830 835 838 841 839 838 836 836 839 843 845 849 852 854 856 859 861 864 863 864 863 863 860 854 854 859 865 869 873 878 883 886 888 890 889 881 872 866 859 853 847 837 828 818 809 801 793 784 776 767 760 754 746 739 739 732 728 724 719 715 710 703
764 774 783 793 803 813 823 833 843 852 857 855 854 853 853 850 843 835 826 819 812 807 803 799 795 796 798 802 808 814 819 824 830 835 838 837 836 835 834 835 838 842 844 847 850 853 855 858 859 859 859 859 859 856 850 852 857 862 867 872 876 882 884 886 887 889 883 876 870 864 859 851 842 833 823 812 802 794 785 778 769 762 755 747 739 739 733 729 724 720 716 709 703
763 772 782 791 801 811 821 832 842 851 857 858 856 856 855 852 845 837 828 821 814 808 803 798 794 796 795 796 801 807 812 818 824 830 834 836 837 837 837 833 836 839 841 843 846 848 851 853 855 855 855 856 855 851 848 851 856 861 865 871 875 880 883 884 885 886 886 881 876 870 864 857 847 836 825 814 804 796 788 780 771 763 755 747 740 740 734 729 725 720 716 710 704
761 771 781 790 799 808 819 830 841 851 856 857 857 856 856 854 847 839 831 824 817 811 805 799 795 795 796 795 795 801 807 813 819 825 829 831 833 834 836 831 832 835 837 839 842 844 846 849 851 851 851 852 851 847 846 850 854 859 864 869 874 878 880 882 883 885 885 882 877 872 866 859 849 839 827 816 807 798 789 781 771 763 755 747 740 740 734 729 725 720 715 710 705
759 769 778 787 797 806 817 827 838 848 853 855 855 856 856 855 850 842 835 827 821 815 807 800 793 795 795 795 794 796 802 808 814 820 824 826 829 831 834 829 829 831 833 834 838 840 842 845 845 846 847 847 847 845 844 848 853 858 863 867 872 876 879 881 883 884 885 882 877 871 866 858 849 839 828 817 809 799 790 780 770 762 755 748 740 740 734 729 724 718 713 708 704
757 767 776 785 794 804 814 824 833 841 849 853 853 855 856 855 849 843 836 830 824 817 809 802 795 793 794 795 794 794 797 803 809 815 819 822 825 829 831 827 826 827 828 830 832 836 838 840 841 841 842 843 842 840 841 847 852 857 861 865 870 874 877 879 881 883 883 881 875 868 864 856 847 837 827 819 809 799 789 779 770 762 755 747 739 739 733 728 722 718 712 707 703
755 765 774 783 793 801 809 817 825 833 842 848 853 854 856 855 849 842 837 833 827 820 813 807 799 793 794 794 794 794 795 800 805 810 815 819 822 826 828 826 824 824 824 827 829 832 833 836 837 838 839 840 839 835 838 844 849 855 859 863 868 872 874 876 879 881 880 877 873 867 862 855 844 837 828 820 810 800 789 778 769 762 754 746 738 738 732 726 721 716 710 706 702
753 763 772 781 789 796 804 812 819 828 836 843 850 853 856 855 849 844 840 837 830 824 817 811 805 795 793 793 794 794 794 795 801 807 810 815 819 823 825 824 822 820 821 823 825 828 829 832 833 835 836 837 836 831 835 841 846 851 857 861 866 869 872 874 875 877 876 873 871 866 860 854 846 838 830 822 812 801 790 778 769 761 753 745 737 737 731 725 720 714 709 706 703
752 760 768 776 784 792 800 807 816 824 832 838 845 851 856 854 850 847 844 840 835 828 822 816 809 799 792 793 793 793 793 793 796 802 806 810 815 820 822 820 819 817 818 820 822 824 827 828 830 831 833 834 832 827 832 838 843 848 853 858 862 867 868 870 871 873 872 869 868 864 860 854 847 840 832 824 813 802 791 777 767 760 752 744 736 736 730 724 718 713 708 704 701
750 757 764 771 779 787 795 804 811 820 828 834 841 847 853 854 853 851 849 845 838 832 826 820 812 803 794 792 793 793 793 793 794 797 802 806 811 815 819 817 815 815 814 817 819 821 823 825 826 828 830 830 827 824 828 834 839 845 850 854 858 863 864 866 867 869 868 866 866 864 861 854 848 841 834 826 814 800 788 775 766 759 752 746 739 739 732 726 720 714 709 704 699
748 755 762 768 775 783 791 799 808 816 824 830 837 842 848 853 854 852 850 848 842 836 830 824 817 807 798 792 792 791 792 793 793 794 798 803 808 813 815 814 811 811 810 813 815 818 819 822 823 823 824 824 822 820 825 831 836 841 845 849 853 857 858 860 863 865 866 865 865 864 862 854 848 841 834 824 810 798 784 774 769 761 754 748 741 741 735 729 722 716 711 705 699
745 752 759 766 772 779 787 795 804 812 820 825 831 837 842 851 853 852 851 850 845 840 834 828 821 812 803 794 792 791 791 792 792 792 795 800 805 810 812 810 808 806 806 808 811 814 816 818 819 818 817 817 817 816 822 828 833 837 840 844 848 851 854 855 859 862 863 863 862 862 861 855 848 841 834 821 807 795 785 778 774 765 757 751 744 744 738 731 725 718 712 706 700
743 749 756 763 768 775 783 791 800 807 814 820 825 831 836 845 851 853 853 851 846 841 835 831 825 817 809 799 793 791 791 791 792 792 793 796 801 806 807 806 804 802 802 806 807 810 814 814 814 813 813 812 812 814 820 825 830 833 836 839 843 846 849 852 856 859 860 860 860 860 860 856 848 842 834 821 807 796 791 787 779 770 761 754 747 747 741 734 727 720 713 707 702
739 746 752 758 764 771 779 788 793 799 806 812 818 824 831 838 846 852 856 852 848 844 840 836 829 822 813 806 796 793 791 791 792 792 793 793 797 802 803 801 800 799 801 805 807 808 808 808 808 808 808 808 807 811 817 822 827 830 833 836 839 842 846 849 853 856 857 857 858 858 859 858 851 844 838 826 816 804 797 792 784 775 767 758 750 750 743 736 728 720 714 708 702
733 740 746 753 760 766 773 780 786 792 798 804 810 818 825 832 840 848 855 855 852 848 845 840 833 825 817 810 802 795 791 791 791 792 791 791 793 795 796 796 795 795 801 803 803 803 802 802 803 803 803 803 802 808 814 819 824 827 830 833 836 839 843 846 850 854 855 855 856 857 858 859 855 849 844 835 825 813 804 797 789 781 771 762 752 752 744 737 729 721 715 709 703
726 734 740 747 755 762 767 773 779 785 791 798 804 812 819 827 834 843 850 858 857 855 850 843 836 828 821 815 809 802 795 791 791 791 792 791 791 792 792 792 792 793 798 798 797 797 797 797 797 797 797 798 799 805 810 816 820 823 826 829 832 836 839 844 847 851 853 854 855 856 857 858 858 853 848 840 831 821 810 803 794 785 775 764 754 754 746 738 729 722 716 710 703
720 727 735 742 751 758 762 768 772 777 784 792 799 806 814 821 828 837 843 851 859 861 854 847 840 834 827 821 815 807 801 796 793 791 792 791 791 791 791 791 791 791 793 793 792 792 792 792 791 791 791 792 794 800 806 810 814 819 823 826 829 833 836 840 844 848 850 851 853 854 855 857 859 856 851 842 834 826 817 808 798 787 777 766 757 757 749 740 732 724 717 710 704
715 722 730 739 747 754 759 764 768 772 780 786 794 800 808 815 822 829 835 843 853 859 860 853 846 840 834 827 821 814 809 803 797 795 793 793 791 792 792 792 791 791 791 790 789 787 787 788 788 788 788 787 790 795 799 803 807 812 817 821 825 829 833 837 841 844 846 848 850 852 853 856 857 859 853 845 837 829 820 812 800 790 779 768 759 759 751 743 735 727 719 712 705
712 719 726 735 744 750 755 759 763 767 775 782 789 795 802 808 814 821 827 835 844 854 863 860 853 846 840 833 827 821 816 811 804 802 799 796 795 795 796 795 793 793 793 791 790 788 786 787 786 785 785 783 785 788 792 796 800 805 810 815 820 825 830 833 837 841 842 845 846 848 850 852 854 857 856 848 839 831 823 815 804 793 782 772 762 762 754 746 738 730 722 715 707
713 720 727 734 741 746 751 754 759 763 770 777 783 790 796 801 807 813 820 827 838 848 857 865 860 852 844 838 832 827 822 817 812 808 806 804 802 802 802 801 799 797 796 794 792 790 788 787 786 784 783 781 781 782 785 789 793 798 803 809 815 819 825 829 833 837 839 841 842 845 847 849 852 855 857 851 843 834 826 818 807 796 785 775 766 766 757 749 741 733 726 718 710
715 722 728 734 739 743 746 750 754 758 766 772 777 784 790 796 802 807 813 823 834 845 855 864 863 856 848 842 836 832 827 823 819 815 814 812 811 810 809 807 805 802 799 797 795 793 790 790 787 786 784 782 780 781 783 784 787 792 798 804 810 814 819 824 830 834 836 838 839 842 843 847 850 853 857 853 846 837 829 821 810 800 789 779 770 770 761 753 744 736 728 720 712
716 723 728 731 736 739 743 746 751 754 760 766 772 778 783 789 795 801 808 818 828 840 850 861 864 859 853 847 841 837 832 828 825 823 822 820 818 818 816 813 810 806 803 801 799 796 793 792 789 787 784 783 781 781 780 781 783 788 793 799 804 809 814 820 827 831 833 835 837 838 841 845 848 853 856 855 847 839 832 824 814 804 793 783 774 774 765 757 747 738 729 721 713
716 721 724 728 732 736 740 743 746 749 754 760 766 772 777 783 789 796 803 812 823 834 846 858 863 860 857 852 846 842 838 834 831 830 829 828 826 824 821 817 814 811 808 806 803 800 797 794 791 789 787 784 783 781 779 780 780 784 790 794 799 805 811 818 824 828 831 832 833 836 839 844 848 852 856 855 848 841 834 827 817 807 797 787 778 778 769 759 750 740 730 722 715
711 716 720 725 729 732 736 739 740 744 749 755 761 766 772 777 784 791 797 807 818 830 842 854 863 859 856 852 850 848 846 842 839 837 836 833 832 829 825 822 819 815 812 810 806 803 800 797 794 791 789 785 783 782 780 779 778 781 786 791 794 801 808 815 821 825 828 829 832 834 838 842 847 851 855 856 849 843 837 829 819 809 800 790 781 781 771 761 752 742 732 722 715
