ascii_elevationfile.txt
ncols         601
nrows         599
xllcorner     346996.82638502
yllcorner     6585985.3753683
cellsize      17.126678591672
NODATA_value  -9999
[rows 0 to 40 of 599, columns 465 to 557 of 601]
1176 1182 1180 1179 1177 1176 1175 1174 1172 1169 1166 1162 1159 1155 1150 1145 1139 1134 1128 1122 1116 1109 1102 1098 1095 1091 1085 1078 1073 1069 1065 1061 1057 1053 1048 1044 1040 1037 1034 1031 1027 1024 1020 1017 1014 1010 1003 999 1008 1018 1028 1034 1041 1045 1049 1055 1060 1065 1071 1076 1083 1090 1098 1107 1120 1126 1133 1139 1145 1151 1154 1148 1142 1136 1131 1128 1129 1128 1129 1128 1125 1121 1118 1113 1108 1102 1095 1089 1084 1078 1072 1065 1060
1175 1181 1182 1181 1180 1178 1177 1176 1174 1171 1167 1164 1161 1156 1152 1148 1142 1137 1131 1125 1118 1111 1105 1102 1096 1090 1083 1076 1070 1066 1063 1057 1055 1051 1047 1043 1039 1035 1033 1030 1026 1023 1019 1015 1012 1009 1001 997 1006 1016 1025 1030 1034 1038 1041 1048 1055 1058 1063 1068 1077 1087 1097 1108 1120 1125 1131 1137 1142 1148 1152 1147 1141 1135 1129 1124 1123 1123 1125 1124 1120 1116 1114 1110 1104 1099 1093 1087 1081 1076 1070 1064 1057
1171 1178 1183 1182 1182 1180 1179 1178 1177 1173 1170 1167 1163 1158 1154 1149 1144 1140 1133 1126 1119 1113 1107 1103 1095 1088 1081 1074 1066 1062 1058 1052 1049 1047 1044 1041 1038 1035 1031 1028 1024 1021 1017 1014 1011 1008 1000 994 1002 1012 1019 1023 1027 1031 1034 1041 1048 1053 1059 1064 1076 1088 1100 1113 1121 1125 1130 1135 1141 1146 1151 1146 1142 1136 1130 1120 1118 1119 1119 1119 1116 1112 1110 1106 1101 1095 1090 1084 1079 1073 1067 1062 1055
1171 1178 1184 1184 1183 1182 1181 1180 1178 1175 1171 1168 1165 1161 1156 1151 1146 1142 1134 1126 1120 1114 1107 1101 1093 1086 1079 1071 1065 1058 1053 1047 1044 1041 1039 1038 1036 1032 1030 1026 1024 1020 1016 1014 1011 1007 999 991 996 1005 1011 1015 1020 1023 1028 1035 1043 1052 1060 1068 1080 1093 1103 1113 1120 1125 1130 1134 1140 1145 1149 1145 1140 1134 1127 1118 1113 1116 1117 1116 1112 1109 1106 1103 1097 1091 1087 1081 1076 1071 1065 1059 1053
1172 1179 1185 1186 1185 1184 1182 1181 1179 1176 1173 1170 1167 1163 1158 1153 1148 1144 1136 1129 1121 1110 1102 1098 1091 1084 1078 1070 1065 1060 1055 1050 1045 1040 1036 1035 1033 1031 1027 1024 1021 1018 1015 1012 1010 1006 998 989 990 997 1004 1009 1013 1018 1027 1036 1046 1055 1063 1072 1083 1094 1104 1113 1120 1124 1129 1134 1139 1143 1146 1142 1135 1130 1122 1115 1109 1111 1113 1112 1109 1106 1102 1099 1094 1088 1083 1078 1073 1067 1061 1056 1051
1174 1180 1186 1188 1186 1184 1183 1181 1180 1177 1173 1170 1167 1164 1159 1156 1151 1146 1139 1131 1123 1115 1106 1100 1093 1087 1080 1073 1068 1065 1060 1055 1049 1043 1037 1034 1031 1030 1024 1021 1016 1013 1011 1009 1008 1004 996 987 987 993 1000 1007 1014 1021 1029 1038 1048 1057 1065 1074 1083 1093 1104 1114 1120 1124 1129 1133 1138 1140 1141 1137 1130 1124 1117 1109 1103 1104 1106 1108 1106 1103 1098 1095 1091 1085 1080 1076 1070 1064 1059 1054 1049
1175 1180 1187 1188 1186 1185 1184 1182 1181 1177 1174 1171 1168 1165 1161 1157 1153 1149 1141 1134 1127 1120 1111 1105 1097 1091 1084 1077 1073 1068 1065 1059 1054 1049 1043 1037 1034 1029 1024 1019 1014 1009 1006 1004 1001 999 993 986 989 996 1003 1010 1016 1024 1032 1041 1050 1058 1065 1073 1083 1093 1103 1113 1119 1123 1128 1131 1133 1136 1137 1131 1124 1118 1111 1104 1097 1098 1100 1102 1102 1097 1094 1091 1086 1081 1076 1072 1067 1062 1057 1052 1047
1177 1183 1188 1191 1189 1187 1185 1183 1181 1178 1175 1172 1169 1166 1162 1157 1154 1151 1144 1137 1130 1123 1116 1108 1102 1094 1087 1081 1077 1072 1066 1059 1054 1049 1044 1039 1034 1029 1025 1019 1014 1009 1005 1001 998 995 990 985 990 998 1005 1013 1019 1027 1034 1043 1051 1058 1065 1072 1082 1093 1103 1110 1116 1120 1123 1127 1129 1132 1131 1126 1119 1112 1106 1098 1091 1092 1094 1096 1097 1092 1089 1086 1081 1076 1072 1069 1065 1060 1055 1050 1045
1179 1184 1189 1193 1192 1189 1186 1184 1182 1179 1176 1173 1170 1167 1162 1159 1156 1153 1146 1140 1132 1126 1119 1112 1105 1098 1091 1085 1079 1072 1066 1059 1055 1050 1045 1040 1034 1029 1025 1020 1014 1010 1006 1002 998 993 989 985 989 996 1004 1012 1020 1029 1035 1042 1050 1057 1063 1071 1082 1089 1097 1103 1110 1114 1117 1121 1125 1128 1125 1120 1113 1107 1101 1093 1085 1085 1089 1091 1091 1087 1084 1081 1076 1072 1069 1066 1062 1057 1053 1047 1042
1180 1184 1189 1193 1194 1190 1189 1186 1184 1180 1178 1174 1171 1168 1165 1162 1158 1155 1148 1142 1135 1129 1122 1116 1109 1101 1094 1087 1081 1073 1067 1060 1055 1050 1044 1039 1034 1029 1024 1019 1014 1011 1007 1003 1000 995 988 983 987 996 1003 1012 1019 1024 1029 1036 1045 1053 1061 1068 1077 1083 1089 1094 1102 1108 1112 1115 1119 1121 1119 1113 1107 1102 1096 1088 1080 1077 1081 1085 1083 1082 1079 1076 1073 1069 1066 1063 1059 1055 1049 1042 1037
1179 1184 1189 1192 1194 1193 1192 1188 1186 1182 1179 1176 1174 1170 1168 1164 1161 1157 1151 1145 1139 1133 1126 1120 1112 1104 1096 1089 1082 1075 1067 1060 1055 1050 1044 1038 1033 1028 1024 1018 1013 1009 1006 1002 998 994 988 982 985 995 1002 1008 1014 1017 1021 1029 1038 1046 1054 1061 1068 1074 1080 1086 1094 1102 1107 1110 1111 1112 1113 1107 1103 1097 1091 1083 1072 1065 1070 1073 1075 1075 1073 1070 1068 1066 1064 1061 1056 1052 1046 1039 1035
1177 1183 1187 1192 1194 1196 1194 1191 1188 1185 1182 1179 1177 1173 1170 1167 1164 1159 1154 1148 1142 1136 1129 1123 1114 1106 1099 1091 1084 1077 1069 1062 1056 1050 1044 1038 1032 1027 1022 1017 1012 1008 1005 1001 996 992 987 980 983 993 999 1002 1006 1009 1014 1021 1030 1037 1041 1048 1056 1063 1070 1078 1085 1093 1101 1104 1105 1107 1109 1104 1098 1093 1086 1076 1067 1058 1061 1065 1068 1067 1066 1064 1062 1061 1059 1057 1053 1049 1043 1039 1034
1175 1180 1185 1190 1193 1195 1196 1193 1191 1188 1185 1182 1179 1176 1173 1169 1165 1161 1156 1150 1145 1139 1132 1125 1117 1109 1101 1093 1086 1078 1070 1063 1057 1052 1044 1037 1033 1027 1021 1016 1010 1007 1003 999 995 990 984 978 980 987 991 995 999 1003 1007 1013 1018 1024 1029 1036 1043 1051 1059 1067 1076 1083 1092 1099 1104 1106 1105 1099 1093 1087 1079 1070 1060 1052 1053 1058 1062 1060 1058 1056 1054 1053 1052 1051 1049 1045 1041 1037 1033
1174 1179 1184 1188 1191 1193 1197 1197 1194 1191 1188 1185 1182 1178 1174 1170 1166 1162 1157 1151 1146 1142 1133 1125 1117 1110 1102 1094 1088 1080 1072 1065 1058 1052 1044 1038 1034 1027 1021 1015 1009 1005 1001 996 993 988 983 978 976 980 983 987 991 995 998 1003 1007 1012 1016 1024 1032 1039 1048 1056 1066 1074 1082 1093 1102 1105 1099 1093 1086 1079 1071 1062 1053 1043 1045 1052 1059 1055 1051 1049 1047 1046 1046 1045 1044 1039 1036 1033 1030
1172 1177 1183 1187 1190 1193 1197 1199 1197 1193 1190 1187 1184 1180 1176 1172 1168 1164 1158 1153 1148 1144 1134 1123 1116 1109 1101 1093 1088 1081 1073 1066 1059 1050 1041 1039 1034 1028 1022 1014 1009 1003 998 994 991 986 982 978 975 974 975 980 983 987 988 992 996 1001 1006 1012 1021 1028 1037 1045 1055 1065 1072 1083 1091 1098 1090 1084 1076 1069 1061 1053 1045 1037 1039 1046 1054 1050 1045 1042 1041 1040 1040 1039 1038 1034 1031 1027 1025
1170 1175 1181 1185 1189 1192 1195 1199 1199 1195 1191 1188 1185 1181 1178 1173 1170 1165 1160 1155 1150 1146 1136 1123 1114 1108 1099 1089 1083 1077 1070 1062 1056 1047 1040 1040 1036 1028 1021 1013 1008 1001 996 992 989 985 983 979 975 971 969 971 974 977 978 982 987 992 996 1002 1010 1017 1026 1035 1044 1054 1063 1071 1078 1086 1083 1075 1066 1059 1052 1043 1035 1027 1031 1040 1048 1045 1040 1037 1037 1036 1035 1034 1032 1029 1027 1023 1020
1167 1173 1178 1183 1186 1190 1193 1197 1198 1196 1191 1189 1186 1182 1179 1174 1171 1166 1162 1157 1152 1148 1138 1125 1114 1105 1098 1089 1081 1074 1068 1059 1052 1045 1039 1038 1033 1026 1019 1013 1009 1002 996 992 990 987 985 980 977 973 966 963 965 966 968 972 977 981 986 992 1001 1008 1016 1025 1035 1045 1055 1064 1072 1079 1078 1068 1058 1050 1043 1034 1026 1018 1023 1032 1042 1041 1037 1035 1033 1032 1031 1030 1029 1026 1022 1019 1016
1165 1170 1174 1179 1182 1187 1190 1195 1196 1196 1192 1191 1188 1184 1180 1177 1172 1168 1164 1159 1154 1149 1139 1126 1116 1108 1101 1093 1084 1075 1068 1058 1051 1045 1038 1034 1029 1024 1018 1014 1011 1005 1000 995 993 990 987 982 978 974 968 965 963 961 961 963 967 971 976 983 991 1000 1007 1016 1026 1037 1048 1058 1067 1075 1073 1062 1052 1042 1034 1027 1018 1011 1019 1029 1035 1036 1034 1031 1029 1029 1028 1028 1026 1023 1019 1016 1012
1162 1166 1171 1175 1179 1183 1187 1191 1193 1193 1193 1191 1189 1185 1182 1178 1175 1171 1166 1160 1155 1150 1140 1127 1120 1114 1107 1099 1090 1081 1073 1064 1057 1049 1042 1036 1032 1026 1021 1017 1013 1009 1005 1000 997 993 989 985 980 976 971 968 964 960 957 957 959 963 967 974 981 991 999 1008 1019 1029 1039 1049 1060 1068 1065 1054 1044 1034 1026 1019 1011 1004 1010 1022 1030 1030 1028 1027 1027 1027 1026 1026 1024 1021 1017 1013 1006
1159 1163 1167 1172 1175 1180 1184 1188 1190 1190 1191 1190 1188 1186 1183 1179 1176 1172 1167 1162 1156 1151 1140 1130 1124 1116 1107 1100 1093 1084 1077 1069 1062 1053 1046 1039 1034 1028 1022 1018 1014 1011 1007 1003 998 994 990 986 982 978 973 970 965 960 956 954 956 958 960 967 973 982 991 1000 1010 1021 1031 1041 1050 1060 1055 1046 1036 1026 1017 1010 1004 996 1002 1012 1021 1022 1022 1023 1023 1024 1024 1023 1021 1018 1013 1009 1001
1157 1160 1164 1168 1172 1176 1180 1184 1186 1187 1186 1187 1185 1184 1181 1178 1176 1172 1168 1162 1157 1152 1141 1134 1125 1116 1107 1100 1093 1084 1077 1070 1063 1056 1048 1042 1036 1030 1023 1018 1014 1011 1007 1002 998 994 990 987 983 980 974 970 965 960 957 954 951 954 957 962 970 976 985 992 1003 1014 1024 1033 1042 1052 1046 1037 1027 1017 1009 1002 995 988 993 1001 1011 1014 1015 1017 1018 1019 1020 1021 1019 1014 1009 1004 997
1155 1159 1162 1165 1169 1173 1176 1181 1183 1183 1183 1183 1182 1181 1179 1176 1174 1170 1166 1161 1156 1151 1143 1134 1125 1116 1107 1100 1092 1084 1077 1070 1063 1057 1050 1044 1037 1031 1025 1018 1015 1011 1006 1002 998 993 990 986 982 979 974 970 965 960 956 953 949 950 953 958 966 972 979 986 998 1009 1018 1027 1036 1046 1037 1028 1019 1009 1001 994 989 982 985 995 1003 1009 1010 1011 1012 1013 1014 1015 1014 1008 1004 1000 994
1153 1155 1158 1161 1166 1169 1174 1177 1178 1179 1179 1179 1179 1178 1177 1175 1172 1167 1163 1159 1155 1151 1144 1134 1125 1115 1107 1099 1092 1085 1077 1070 1063 1057 1049 1042 1037 1031 1026 1020 1015 1011 1006 1001 997 993 989 986 981 978 974 969 965 960 956 952 949 947 949 955 962 969 974 983 995 1005 1015 1023 1031 1038 1029 1020 1011 1002 995 988 982 977 979 988 996 1002 1004 1005 1006 1007 1009 1009 1008 1003 999 994 990
1149 1151 1155 1158 1162 1165 1169 1171 1172 1173 1175 1175 1176 1174 1173 1172 1170 1165 1162 1158 1155 1152 1143 1134 1124 1116 1107 1099 1092 1084 1077 1070 1063 1056 1048 1042 1036 1030 1025 1020 1014 1009 1005 1000 996 992 988 985 981 977 973 969 964 961 958 952 948 944 945 950 957 964 970 979 991 1002 1011 1020 1027 1031 1022 1014 1005 996 990 984 977 972 973 981 987 993 998 1000 1000 1001 1003 1004 1002 997 993 988 984
1148 1150 1152 1154 1158 1160 1163 1165 1166 1167 1169 1170 1171 1170 1168 1168 1167 1165 1162 1158 1155 1152 1143 1134 1125 1116 1108 1100 1092 1085 1077 1070 1062 1054 1047 1041 1035 1029 1024 1019 1012 1007 1002 998 994 991 988 984 980 976 972 968 965 962 958 954 949 943 940 946 952 959 966 974 986 998 1007 1014 1021 1024 1015 1008 1000 991 985 979 972 966 967 973 979 984 990 994 994 996 997 998 996 992 987 983 978
1151 1152 1151 1150 1151 1154 1157 1159 1160 1162 1163 1165 1167 1165 1165 1164 1164 1163 1161 1158 1155 1151 1143 1134 1125 1117 1108 1101 1093 1085 1078 1070 1061 1054 1047 1041 1034 1029 1024 1019 1010 1005 1001 996 991 987 985 982 978 975 972 969 967 963 959 954 949 943 937 941 948 955 962 969 982 993 1002 1007 1015 1016 1009 1002 995 987 979 974 966 959 962 969 975 980 985 988 988 990 991 992 989 986 981 977 972
1152 1151 1150 1147 1148 1150 1152 1154 1155 1157 1159 1161 1162 1161 1161 1160 1160 1161 1159 1157 1154 1151 1143 1134 1126 1117 1109 1101 1094 1087 1079 1072 1063 1055 1047 1041 1034 1030 1023 1017 1009 1003 999 992 988 985 981 979 975 973 971 968 966 963 960 954 948 943 937 936 943 950 957 966 978 989 997 1002 1008 1008 1001 994 988 981 974 967 960 953 959 965 970 974 979 981 983 984 984 985 982 979 974 971 966
1152 1150 1150 1145 1144 1146 1148 1148 1150 1153 1154 1157 1157 1157 1157 1157 1158 1157 1156 1155 1152 1149 1141 1133 1125 1117 1110 1103 1095 1088 1081 1073 1065 1057 1049 1043 1037 1031 1024 1018 1008 1001 995 987 985 982 979 976 973 970 967 965 963 962 959 955 951 946 940 933 938 946 953 963 973 984 992 997 1003 1004 998 990 983 976 969 962 955 949 955 960 964 968 973 975 976 977 976 976 974 970 966 963 962
1151 1150 1149 1145 1141 1141 1142 1142 1144 1146 1149 1151 1152 1153 1155 1155 1155 1153 1153 1152 1151 1147 1138 1131 1124 1118 1112 1104 1097 1090 1082 1075 1067 1060 1052 1045 1039 1032 1025 1018 1009 1001 991 984 982 979 976 973 970 967 965 963 961 960 957 953 949 945 940 933 933 942 951 960 969 980 987 994 1001 1002 994 987 979 971 964 957 950 946 950 953 958 963 966 969 968 969 968 969 966 962 960 958 957
1151 1150 1149 1144 1139 1136 1137 1136 1139 1141 1142 1143 1145 1146 1148 1148 1150 1149 1149 1148 1148 1145 1138 1131 1125 1119 1113 1106 1099 1091 1083 1076 1069 1062 1054 1047 1041 1033 1025 1018 1008 1001 993 986 978 977 974 971 967 965 962 961 959 957 955 950 947 943 939 932 930 939 948 956 967 976 983 990 998 997 989 982 974 966 959 951 945 939 943 948 952 956 959 961 960 960 960 961 959 956 955 954 952
1151 1150 1148 1144 1139 1134 1131 1130 1133 1134 1135 1136 1137 1138 1140 1142 1145 1144 1143 1143 1142 1143 1139 1133 1128 1122 1116 1108 1100 1091 1082 1076 1069 1062 1055 1048 1041 1033 1025 1018 1009 1002 993 985 977 973 968 966 963 962 960 958 957 955 953 948 945 941 936 929 927 936 944 952 962 971 978 984 990 988 981 975 968 960 954 947 941 935 938 942 945 948 950 952 952 951 952 952 952 951 950 949 948
1151 1149 1147 1143 1138 1133 1127 1124 1126 1127 1128 1128 1130 1131 1134 1138 1142 1137 1135 1135 1135 1138 1140 1137 1130 1124 1118 1109 1100 1090 1082 1076 1069 1062 1056 1049 1042 1034 1026 1019 1011 1002 993 985 977 971 965 962 959 958 957 955 954 953 950 947 943 938 934 926 924 932 941 948 957 967 973 979 984 983 975 968 962 955 949 943 938 932 933 935 937 939 941 943 943 942 943 944 944 944 943 942 942
1150 1148 1146 1142 1137 1131 1125 1120 1119 1119 1120 1121 1124 1127 1130 1134 1137 1133 1127 1127 1130 1131 1133 1133 1131 1127 1120 1109 1098 1088 1082 1076 1069 1062 1056 1050 1042 1034 1027 1020 1012 1002 993 984 977 971 966 960 956 955 954 952 950 950 946 942 939 935 930 922 920 929 937 945 953 962 968 974 979 977 970 963 957 951 945 940 935 929 927 928 929 930 932 934 934 935 936 937 937 936 935 936 937
1150 1147 1145 1141 1135 1129 1125 1120 1114 1111 1114 1115 1118 1122 1126 1130 1133 1130 1123 1120 1122 1123 1124 1124 1124 1123 1115 1104 1093 1086 1080 1076 1069 1064 1057 1050 1043 1035 1029 1022 1014 1005 995 986 976 972 967 962 957 953 950 948 947 945 942 938 935 931 926 918 916 925 933 941 949 957 963 968 973 971 965 959 953 947 941 936 931 926 922 923 924 925 926 927 927 928 928 929 929 930 930 931 932
1150 1147 1144 1141 1136 1131 1126 1121 1114 1108 1107 1108 1111 1116 1120 1124 1126 1122 1116 1110 1113 1114 1115 1113 1110 1109 1102 1091 1085 1082 1075 1072 1068 1063 1058 1051 1044 1038 1032 1025 1017 1007 997 986 976 972 968 964 958 953 947 944 944 941 938 934 930 926 921 913 912 921 930 937 945 953 958 963 967 965 959 954 949 943 938 932 929 925 921 919 920 920 921 922 922 922 922 923 923 924 925 926 927
1150 1147 1144 1141 1136 1132 1127 1122 1116 1107 1102 1101 1105 1110 1113 1115 1114 1109 1104 1096 1102 1106 1103 1101 1098 1096 1088 1082 1080 1076 1070 1067 1064 1061 1057 1052 1045 1040 1034 1028 1019 1008 998 987 977 973 968 964 959 953 946 941 940 937 933 929 925 921 916 907 908 918 925 932 940 947 954 960 963 961 955 950 945 939 934 931 928 925 921 915 914 915 918 918 918 918 918 918 918 919 920 921 922
1150 1147 1144 1141 1136 1132 1127 1123 1115 1107 1099 1094 1099 1101 1102 1102 1102 1097 1091 1085 1090 1096 1092 1090 1087 1084 1079 1076 1073 1070 1065 1062 1059 1058 1055 1051 1045 1040 1034 1030 1020 1008 998 987 978 973 968 963 958 952 946 942 935 931 929 925 921 916 911 904 905 913 921 928 934 942 950 956 960 958 952 946 940 934 931 930 928 925 921 912 908 911 914 915 915 914 913 912 913 914 915 915 917
1150 1147 1144 1140 1136 1131 1126 1122 1113 1106 1098 1092 1090 1089 1089 1089 1088 1085 1079 1075 1079 1086 1083 1080 1076 1072 1070 1069 1066 1063 1060 1057 1055 1052 1051 1049 1043 1038 1030 1025 1018 1007 997 987 977 972 967 962 956 951 945 939 931 926 924 919 916 912 906 901 902 909 916 923 929 937 944 951 957 953 947 941 935 929 926 924 923 921 918 912 904 907 910 911 910 908 908 907 907 909 909 910 912
1149 1147 1144 1140 1135 1130 1126 1121 1112 1105 1098 1090 1082 1080 1079 1079 1077 1073 1068 1065 1069 1076 1074 1070 1065 1059 1057 1055 1055 1053 1051 1051 1049 1046 1043 1042 1036 1031 1026 1021 1015 1005 995 987 979 974 967 962 956 950 943 936 929 923 919 914 911 907 903 898 900 906 912 918 925 932 939 945 950 945 941 935 931 924 921 920 918 917 914 909 901 901 906 907 906 904 903 902 902 904 904 905 906
1148 1146 1143 1139 1134 1129 1125 1119 1111 1104 1097 1089 1078 1075 1072 1072 1069 1064 1058 1056 1060 1066 1063 1057 1051 1045 1044 1043 1041 1040 1039 1040 1038 1036 1034 1033 1029 1024 1020 1015 1010 1003 995 989 983 976 969 963 955 949 942 935 929 922 917 912 907 903 898 894 898 903 908 913 920 926 933 939 943 939 935 930 925 919 916 915 914 913 910 904 898 896 902 904 903 900 899 898 897 898 899 900 901
1147 1145 1142 1138 1133 1129 1124 1118 1110 1103 1096 1088 1077 1070 1067 1066 1063 1057 1051 1045 1050 1054 1050 1044 1038 1033 1030 1029 1028 1028 1026 1026 1026 1025 1024 1022 1020 1015 1012 1008 1004 1003 998 993 985 979 972 963 952 947 940 934 928 921 916 910 905 900 895 892 896 899 904 908 915 920 926 932 937 934 929 924 918 913 912 911 909 908 905 901 898 895 899 901 900 897 896 895 895 895 895 896 897
