ascii_elevationfile.txt
ncols         601
nrows         599
xllcorner     346996.82638502
yllcorner     6585985.3753683
cellsize      17.126678591672
NODATA_value  -9999
[rows 451 to 491 of 599, columns 186 to 278 of 601]
553 558 565 571 578 584 590 596 601 606 611 616 621 628 634 640 646 651 655 659 663 668 669 669 670 671 672 673 673 673 672 671 670 668 667 664 663 663 663 664 664 664 664 663 663 663 663 662 660 658 657 656 654 652 650 646 643 639 637 633 629 626 622 620 617 614 611 609 606 604 601 599 596 595 593 592 591 591 589 587 586 585 583 581 580 578 576 574 573 570 570 569 568
551 557 563 570 576 583 588 592 598 603 608 613 619 625 632 638 645 649 654 657 662 666 667 667 668 669 670 670 670 669 669 668 666 664 661 659 658 657 655 656 657 656 655 655 655 655 654 654 653 652 650 649 647 644 641 638 635 632 629 626 622 619 614 612 610 607 604 603 601 599 596 594 591 590 589 589 588 587 584 582 581 581 580 578 576 574 572 570 569 567 567 565 565
549 555 562 568 574 580 585 589 595 600 605 611 616 622 629 635 642 646 651 655 660 663 664 665 666 667 668 667 667 666 666 665 662 660 657 654 652 651 650 649 649 648 647 647 646 646 646 646 646 645 643 641 638 636 633 631 627 624 621 618 614 611 607 604 603 601 599 598 596 593 590 589 587 586 586 586 585 583 580 577 576 577 576 574 572 571 569 568 566 566 565 564 563
547 553 560 566 571 576 581 585 591 596 601 607 612 619 625 631 638 643 647 652 655 659 660 662 663 664 666 665 665 664 663 660 657 655 651 649 648 647 645 644 643 642 641 640 639 638 638 639 639 638 635 632 630 628 625 622 619 617 614 611 607 603 600 598 597 596 594 593 590 588 586 585 584 583 583 582 582 580 577 574 572 572 572 570 569 569 568 566 565 564 562 562 561
546 550 556 562 567 573 577 582 587 592 597 602 608 615 622 628 634 639 644 648 651 655 657 658 660 662 664 663 663 662 660 656 653 651 647 645 644 642 641 640 639 638 637 637 635 633 632 632 632 631 628 625 623 621 618 615 611 609 606 603 600 597 594 594 592 591 589 588 586 585 583 582 580 580 580 579 579 577 575 572 569 569 568 567 567 567 566 565 563 562 561 560 559
544 548 554 558 564 569 574 580 584 587 593 598 604 610 618 624 630 636 640 644 648 652 654 656 658 661 662 662 661 659 657 653 650 648 645 642 640 637 637 636 635 634 633 632 631 629 626 625 625 623 621 619 616 615 612 609 605 602 599 596 593 591 589 588 587 586 584 584 583 582 579 578 577 577 576 576 575 574 571 570 568 567 566 566 565 565 564 563 562 561 559 559 557
542 546 552 556 562 567 572 577 581 585 589 594 600 606 613 621 627 632 636 640 645 648 652 654 657 660 660 660 657 655 654 650 648 645 642 640 637 635 633 632 631 630 629 628 628 625 622 619 618 617 614 613 610 609 606 603 599 595 593 590 588 587 584 583 581 581 581 581 580 578 576 575 574 573 573 573 572 571 569 568 567 565 564 565 563 563 562 562 560 559 558 557 556
540 544 550 554 559 564 570 575 579 582 586 590 595 602 609 616 622 627 632 636 640 644 648 651 654 657 657 656 654 652 650 648 645 642 639 637 635 633 630 627 626 625 625 624 623 621 618 615 612 611 608 607 605 603 600 596 594 591 588 586 584 582 579 578 578 577 578 578 577 575 574 572 572 571 570 570 569 569 568 568 565 564 563 563 561 561 560 559 558 558 556 555 554
538 542 547 552 556 562 567 573 576 580 584 587 592 598 604 611 618 623 628 632 636 640 644 647 650 653 653 651 649 647 644 643 641 639 636 634 632 629 626 622 621 621 620 618 617 616 613 611 608 606 603 601 599 597 594 591 589 586 584 582 579 578 576 575 575 575 575 575 574 572 571 571 570 569 569 569 568 568 567 567 565 564 561 560 559 559 558 557 556 556 553 551 550
536 540 544 549 554 559 564 570 574 577 580 584 588 594 600 607 614 619 623 628 632 636 639 642 645 648 647 645 643 640 636 635 634 633 631 630 627 624 621 617 616 616 614 613 611 610 608 606 603 601 599 596 595 593 590 588 585 582 580 578 575 574 574 573 573 573 572 572 571 570 569 569 568 569 567 567 567 567 566 566 565 563 559 556 557 557 556 555 553 552 550 548 545
536 539 544 548 552 556 562 567 570 574 577 581 585 591 597 603 610 615 619 624 628 632 635 637 639 642 641 639 636 633 629 628 627 626 625 624 622 618 616 612 611 610 609 608 605 604 603 601 599 597 595 592 591 590 587 584 581 578 576 575 573 572 572 571 570 571 570 570 569 568 568 568 569 568 566 566 566 565 565 564 562 561 556 552 554 554 553 552 550 549 546 543 542
535 539 543 546 550 553 559 563 567 570 574 577 582 588 593 599 605 610 615 619 624 628 629 631 634 637 635 632 629 625 622 621 620 619 619 618 615 612 610 607 606 604 603 601 600 598 597 596 594 592 591 590 588 587 583 581 578 576 574 572 571 571 569 569 568 568 568 567 566 566 566 567 568 567 565 565 565 564 563 561 559 557 553 549 550 551 550 549 546 545 542 541 542
534 538 541 544 547 551 555 560 563 567 570 574 578 583 589 595 600 606 611 615 620 623 625 627 629 631 629 626 623 618 615 614 614 613 612 611 608 606 604 603 601 599 598 595 594 594 593 592 591 590 588 586 585 583 581 579 576 574 572 571 569 569 567 567 566 566 566 566 565 563 564 564 565 565 564 564 563 562 559 557 555 553 549 547 546 547 546 545 541 540 541 542 544
533 536 539 542 545 549 552 556 560 564 567 570 574 578 583 589 594 601 606 611 616 619 621 623 624 624 623 621 617 613 610 609 608 606 606 605 604 602 601 599 598 596 594 593 591 591 590 590 589 588 586 584 582 580 579 576 574 572 571 569 568 566 566 565 565 564 564 566 564 561 561 562 562 561 561 561 560 558 556 554 551 549 546 545 545 544 543 541 539 539 542 544 546
532 534 536 539 542 546 550 553 556 559 563 566 570 574 579 583 588 595 602 607 612 615 617 618 617 617 615 614 612 609 605 605 603 602 602 601 600 599 598 597 595 594 592 591 589 589 589 588 587 585 584 582 580 578 576 574 573 570 569 568 566 565 564 563 562 563 565 566 563 561 559 559 559 558 558 557 557 554 552 550 548 546 544 543 544 543 541 538 539 541 544 545 548
533 532 535 537 540 543 548 551 554 555 559 563 566 570 574 578 584 590 596 602 608 610 610 610 609 610 608 607 606 604 600 600 599 599 598 597 597 596 595 595 593 591 590 588 587 587 586 586 585 583 582 580 578 576 573 572 570 568 568 566 565 564 563 561 560 561 563 563 561 560 557 556 556 555 555 553 553 550 548 547 546 545 542 541 542 543 542 538 541 543 545 547 549
534 532 534 537 539 542 546 549 551 554 556 559 562 567 570 574 579 584 591 597 603 606 604 604 603 603 602 600 599 598 596 596 595 595 594 594 593 592 592 591 590 588 587 585 584 584 583 584 583 581 579 577 575 573 571 569 569 567 566 565 563 562 561 560 559 559 559 559 558 556 555 554 552 551 551 550 549 547 546 545 544 543 540 538 539 540 539 539 542 545 547 548 551
534 533 533 535 539 541 543 547 549 552 553 556 559 563 567 571 576 581 587 593 599 601 600 599 598 596 595 594 593 591 591 591 591 591 590 590 589 588 587 584 584 583 581 581 581 581 581 580 580 578 576 574 572 570 569 568 568 567 565 563 562 560 560 558 557 556 556 556 555 553 552 551 549 548 548 546 546 544 544 544 543 542 539 537 537 537 538 541 544 546 548 550 552
535 534 532 535 538 541 542 544 547 549 551 553 556 560 564 567 572 578 583 589 595 597 596 595 593 591 590 589 588 586 585 586 586 585 585 584 582 581 580 578 578 577 576 576 577 577 578 577 576 575 573 571 569 568 568 567 567 565 564 562 560 559 557 557 556 554 554 553 551 550 549 548 546 545 545 544 544 542 541 541 541 540 538 537 537 537 541 543 546 548 549 552 554
535 534 532 534 538 540 541 542 544 546 549 551 554 557 560 564 568 575 579 585 591 592 591 589 588 585 584 584 582 581 580 580 581 580 580 578 576 574 573 572 571 570 571 571 572 573 574 574 573 572 570 568 568 567 566 566 566 565 563 560 558 557 556 555 554 553 551 550 549 547 546 544 543 542 542 543 542 541 538 537 537 537 535 538 539 542 545 547 548 549 550 552 554
535 534 532 532 536 538 540 541 544 545 547 549 552 555 558 562 565 570 575 581 586 586 585 583 582 580 578 578 577 576 575 575 575 575 575 573 571 569 566 565 565 566 567 567 568 568 569 569 570 569 568 567 567 566 565 564 564 563 561 559 557 556 555 554 552 551 548 547 546 544 543 541 541 541 541 541 541 539 537 534 535 536 538 540 543 545 547 548 549 550 551 553 556
535 534 533 533 534 537 538 540 542 544 545 547 549 552 555 558 561 564 570 574 580 580 579 577 575 574 573 572 571 571 570 570 569 569 569 567 565 564 563 561 562 562 563 563 563 564 565 566 567 566 566 566 566 565 564 563 562 561 559 557 557 555 554 552 550 548 546 544 543 541 540 538 537 537 538 538 539 537 534 535 537 539 541 543 545 547 548 548 550 551 552 554 557
536 534 534 533 533 535 537 539 541 542 544 545 547 549 551 554 558 559 563 567 573 574 571 570 569 568 566 565 565 565 566 565 565 564 564 564 563 561 560 559 560 560 560 559 559 561 561 562 563 563 564 564 565 564 563 562 561 559 557 555 555 553 551 549 547 545 543 541 539 538 537 535 534 534 534 534 536 534 534 537 540 542 543 545 547 548 549 550 551 552 554 556 559
536 535 536 535 534 534 536 538 539 541 542 544 545 547 548 551 554 555 557 560 566 566 564 563 562 560 560 558 559 560 561 560 560 559 560 560 560 559 558 557 557 557 557 557 557 557 558 559 560 560 560 561 562 562 561 561 559 557 555 553 552 551 549 546 544 542 540 538 536 535 534 532 532 532 531 532 533 534 538 539 542 544 545 547 548 550 551 551 553 555 558 560 562
536 537 537 537 535 533 535 536 538 539 541 542 544 545 547 548 550 551 553 555 558 559 557 556 555 553 553 552 554 555 555 556 555 555 556 556 557 557 556 555 555 555 554 554 554 554 555 556 556 557 557 558 559 560 558 558 556 554 553 551 549 548 545 543 542 540 537 536 533 532 531 529 530 532 534 537 537 539 542 542 544 546 547 548 550 551 552 554 557 559 562 564 567
536 537 537 537 535 533 534 536 537 539 540 541 543 544 545 546 547 549 550 552 553 553 551 550 549 546 547 548 550 550 551 551 551 552 552 552 552 552 552 553 552 552 551 551 550 551 552 552 553 554 555 556 557 558 555 555 552 551 550 548 546 545 542 540 539 537 535 533 531 529 530 532 534 536 538 541 542 544 545 545 546 548 549 550 551 553 555 558 561 564 567 569 571
536 536 537 536 535 534 534 535 537 538 539 540 541 541 543 545 546 548 548 550 551 549 547 546 544 543 544 545 546 547 547 547 548 548 548 548 549 549 550 550 549 548 548 548 548 549 549 550 550 551 552 554 555 555 552 551 549 547 546 544 543 541 539 538 536 534 532 529 530 530 532 535 537 539 542 545 546 547 547 548 548 550 551 553 554 556 559 562 565 569 571 573 573
536 536 536 536 535 534 534 535 537 537 538 539 540 540 541 542 544 545 547 547 547 546 544 543 542 542 543 543 544 544 545 545 545 545 545 545 546 547 547 547 546 546 546 546 546 547 547 548 548 548 549 550 552 552 549 547 545 543 542 541 539 538 536 535 534 532 529 528 530 533 535 538 540 543 545 547 550 550 550 550 551 552 554 556 558 560 563 566 569 571 574 575 576
536 535 535 535 535 534 534 534 535 536 537 538 538 539 539 540 542 543 544 544 544 543 542 541 541 540 541 542 542 542 543 544 544 544 544 544 544 544 544 544 543 543 543 543 545 544 546 546 546 546 545 546 547 547 545 543 541 540 538 537 536 534 533 532 531 529 528 529 532 536 539 541 543 546 548 550 552 552 552 553 554 555 557 559 562 564 567 569 572 573 575 577 579
535 535 535 535 535 535 535 535 535 536 536 537 537 538 538 539 540 540 541 541 541 541 540 540 539 539 540 540 540 540 540 542 542 542 542 543 543 543 541 541 541 541 541 542 542 543 543 544 544 544 543 542 542 542 541 539 537 536 534 533 532 531 530 529 527 527 530 532 535 538 542 544 546 548 550 552 553 554 555 556 557 558 560 563 565 567 569 572 574 576 577 579 581
535 535 535 535 535 535 535 535 535 535 536 536 537 537 538 539 539 539 540 540 540 540 539 538 538 537 537 537 538 537 539 539 541 540 540 539 539 539 539 539 539 539 540 540 540 541 542 542 542 542 541 540 540 540 536 535 532 532 531 530 529 527 526 526 529 530 533 536 539 542 544 546 548 550 552 554 555 557 557 558 560 561 564 566 568 570 572 573 576 578 579 581 583
535 535 535 535 535 536 536 535 535 536 536 537 537 538 539 539 538 538 538 539 539 539 538 537 537 537 537 537 537 537 538 538 538 537 536 536 536 536 537 537 538 538 538 539 540 540 541 541 541 541 541 541 541 539 533 530 528 527 526 526 526 526 526 528 532 534 537 540 542 545 546 547 550 552 554 556 557 559 559 560 561 563 567 569 570 572 574 576 578 580 582 584 585
535 535 535 535 535 536 536 535 535 536 537 537 538 538 539 538 537 537 537 538 538 538 538 537 537 537 537 537 536 536 536 537 535 534 533 534 534 535 535 536 536 536 537 538 539 539 540 540 540 540 541 541 539 535 529 525 524 524 525 526 526 528 530 533 535 538 541 543 545 546 547 549 551 554 555 557 558 559 560 561 562 564 568 570 573 574 576 579 581 583 584 586 587
535 535 535 535 535 536 536 536 535 537 537 538 539 539 539 537 537 537 537 537 537 537 537 536 536 536 536 535 534 533 533 533 533 532 531 532 533 534 534 535 535 536 537 538 539 539 540 540 540 540 539 537 534 531 525 521 521 524 528 530 531 532 534 536 539 542 542 544 546 548 549 551 553 555 556 558 558 559 561 562 564 566 569 572 575 577 579 581 584 585 586 588 590
534 535 535 535 535 536 536 536 535 537 537 538 539 539 539 538 537 536 536 536 536 536 536 536 536 536 535 533 532 531 531 530 530 530 528 530 530 532 533 534 534 536 537 537 538 539 539 539 539 538 535 532 529 527 522 522 524 528 531 533 535 536 538 540 541 543 543 545 546 549 550 553 554 555 556 558 558 560 562 563 566 569 571 574 577 580 582 583 586 587 588 590 592
534 535 535 535 535 536 536 536 535 535 536 537 538 539 539 538 538 537 537 537 537 537 537 537 537 536 535 533 532 530 529 528 528 527 526 528 529 530 532 533 534 535 536 537 537 538 538 538 536 534 530 527 525 521 520 522 525 528 531 534 536 539 541 542 542 543 543 546 547 550 553 556 556 556 557 558 559 561 563 566 567 570 573 576 579 583 585 585 587 589 591 593 597
534 535 535 535 535 536 536 536 535 535 538 540 539 538 539 539 538 538 538 537 537 537 537 537 537 536 536 534 533 531 530 527 527 525 524 526 528 530 531 533 534 535 536 537 537 538 536 535 533 530 527 524 521 519 520 522 524 528 531 533 536 540 542 543 543 543 544 546 549 553 556 559 559 560 559 560 562 563 565 567 569 572 575 579 583 586 588 589 590 592 595 598 602
534 535 535 535 535 535 535 535 534 536 542 543 541 540 540 540 538 538 538 537 537 537 538 538 538 538 536 536 534 533 531 529 527 525 524 526 527 529 530 532 533 535 535 537 536 536 534 532 530 527 525 522 518 519 522 523 525 529 530 534 537 540 542 543 544 544 545 548 552 556 559 562 562 563 563 564 565 566 568 570 572 575 578 582 586 589 591 594 594 596 600 603 607
534 535 535 535 535 535 535 535 535 539 546 547 544 543 541 540 539 539 538 538 538 538 538 539 539 539 538 537 535 534 532 530 528 526 525 526 527 529 530 531 533 534 535 537 535 532 531 528 526 523 522 520 518 519 522 524 526 529 531 534 537 541 543 543 544 547 551 553 556 559 562 565 565 566 567 568 569 570 572 574 576 580 582 586 590 593 595 596 599 602 605 609 612
534 534 535 535 534 534 534 534 538 543 549 550 548 545 542 540 539 539 538 538 538 538 539 539 540 539 538 537 536 535 533 531 528 526 525 526 527 529 530 531 532 534 536 536 533 530 527 525 523 521 520 518 517 518 521 524 527 531 533 536 538 541 543 545 548 552 557 559 562 564 566 569 569 570 571 571 573 574 577 580 582 585 588 591 594 599 601 602 604 607 610 614 619
534 534 535 535 534 534 533 535 539 544 547 549 548 545 542 540 538 539 538 538 538 539 539 539 540 540 538 538 537 536 534 531 529 526 525 526 527 529 530 531 531 534 536 536 532 529 526 523 521 520 519 517 516 519 522 525 529 533 535 537 540 542 546 550 555 559 563 566 567 570 573 576 575 575 576 575 577 579 582 585 588 590 594 598 602 605 608 610 611 613 617 621 627
